
3.40133e+11

1.44362e+09

1.1498e+09

8.64628e+08

5.56475e+08

2.43851e+08

2.71082e+07

24316.4

3433.64

1942.57

281.196

12.592

4.22252

0.501674

0.255216

0.00439941

4.49774e-06

3.09864e-06

2.81055e-06

2.04394e-07

1.53891e-08

7.56824e-11

1.52977e-12

7.03644e-13

2.99242e-13

1.77155e-13

1.56827e-16

1.10451e-17

8.6046e-18

5.22562e-19

1.06826e-19

2.04911e-22

3.54729e-23

8.26137e-24

4.1477e-24

1.24469e-24

4.4263e-28

5.25299e-29

0

0

0

0

0

0

0

0

0

0

0

0

0

0

0

0

0

0

0

0

0

0

0
