Nsep 20
Nsep_0 25
0 13 81 188 198 229 303 330 369 406 483 501 502 545 586 668 689 743 773 803 847 854 890 936 999 
Nsep_1 100
1 5 24 36 38 45 46 52 76 78 95 100 101 106 118 125 159 162 167 179 189 209 218 230 247 266 288 292 293 295 326 335 340 345 346 365 376 377 385 396 397 401 402 403 407 408 413 414 415 427 431 445 472 481 487 531 549 550 570 576 584 606 610 633 637 638 659 663 672 675 688 694 712 717 724 727 728 737 739 754 762 763 777 785 801 834 845 871 896 906 908 909 932 933 934 935 938 946 964 973 
Nsep_2 100
2 6 7 17 31 37 56 59 85 90 96 115 116 136 146 150 157 169 170 180 196 221 250 251 255 263 275 278 283 294 297 343 350 364 371 391 418 422 432 446 468 478 485 489 500 508 521 532 541 543 548 571 572 579 585 588 589 599 608 609 611 612 634 636 650 654 656 664 665 667 670 676 703 705 714 731 741 760 782 783 789 792 793 795 828 850 860 870 875 887 897 913 919 942 943 951 962 970 975 982 
Nsep_3 50
3 27 58 79 138 163 184 207 208 265 304 310 312 319 323 325 354 366 439 477 512 517 519 553 569 582 592 594 600 607 620 641 680 695 710 770 776 798 811 819 826 859 861 883 904 930 953 961 976 998 
Nsep_4 25
4 72 102 126 202 227 409 410 436 437 471 503 559 597 605 614 625 627 652 655 661 699 708 863 898 
Nsep_5 25
8 14 92 219 234 245 254 271 342 367 495 509 527 533 540 631 640 660 685 797 820 888 893 960 980 
Nsep_6 50
9 22 49 68 105 121 133 139 166 177 178 220 225 246 248 257 269 272 276 296 301 315 333 358 382 394 400 426 461 479 493 497 529 546 547 552 591 649 684 691 744 767 769 772 791 822 862 971 990 993 
Nsep_7 25
10 33 53 132 183 244 258 351 434 484 504 518 534 563 643 736 750 779 781 818 866 882 889 939 995 
Nsep_8 50
11 41 57 61 109 127 131 137 154 155 252 259 260 262 268 305 317 322 341 352 390 398 443 457 464 498 511 566 587 595 601 697 706 719 775 800 802 816 831 835 846 852 858 895 905 928 958 965 977 989 
Nsep_9 50
12 51 74 91 103 104 152 153 181 182 204 253 279 291 300 372 374 375 378 453 454 460 506 568 574 613 618 629 662 666 678 693 716 730 749 753 755 771 788 809 849 851 872 912 917 922 927 957 988 996 
Nsep_10 25
15 64 107 140 309 320 339 355 381 417 447 462 475 499 561 646 759 787 832 881 902 923 931 947 987 
Nsep_11 100
16 19 32 34 47 60 62 63 66 88 111 114 117 122 124 135 142 145 151 160 168 175 185 194 200 206 211 222 238 239 256 267 282 286 287 308 318 336 347 348 349 360 363 440 441 444 451 456 474 480 486 510 515 525 535 536 544 551 564 575 593 602 617 647 651 657 658 674 686 690 698 704 721 722 747 780 786 794 804 817 827 857 880 885 886 901 903 911 926 929 937 949 950 954 955 956 966 967 978 985 
Nsep_12 25
18 39 71 73 130 161 205 213 214 240 277 311 373 387 429 438 505 528 623 692 725 729 758 766 808 
Nsep_13 25
20 99 108 164 203 242 281 334 337 361 412 450 466 573 598 711 723 748 838 876 892 907 940 968 984 
Nsep_14 100
21 23 29 35 42 43 65 75 80 83 84 87 89 93 98 120 134 141 147 149 156 158 172 174 186 187 193 201 217 241 243 249 274 280 307 327 362 384 392 395 404 419 421 424 435 448 470 473 476 490 491 516 520 523 524 526 560 577 580 596 626 630 653 679 682 696 702 718 732 733 742 751 752 756 784 790 796 799 805 806 807 810 824 833 839 842 843 864 867 869 873 874 900 925 941 945 948 972 981 986 
Nsep_15 100
25 26 28 50 55 67 70 82 110 119 128 144 165 171 195 199 212 216 224 228 232 233 235 236 237 270 289 306 316 338 344 357 370 386 388 399 405 420 423 425 433 449 452 465 467 469 482 496 513 514 522 530 539 542 554 556 558 562 567 581 583 590 603 615 616 622 632 642 644 671 681 683 687 700 701 713 715 720 726 745 746 757 764 774 814 836 840 853 856 865 879 884 891 894 899 915 918 952 994 997 
Nsep_16 50
30 54 77 86 94 97 113 123 190 192 215 223 261 284 285 298 321 329 331 332 353 359 379 380 383 430 455 459 463 488 507 557 565 604 619 624 648 707 738 740 765 768 821 844 920 924 959 974 979 983 
Nsep_17 25
40 143 197 210 290 302 314 389 393 411 442 537 578 628 669 734 778 813 841 848 855 910 916 944 963 
Nsep_18 25
44 48 129 148 173 176 226 231 264 313 328 356 368 458 635 673 677 709 761 812 825 829 877 914 969 
Nsep_19 25
69 112 191 273 299 324 416 428 492 494 538 555 621 639 645 735 815 823 830 837 868 878 921 991 992 
Sep 0

